t = 0
b = 50 50 50
E = 0 0 0
-0.19348907470703125 -0.4969673156738281 -12.08470344543457 0.3459908385338295 0.9382378907562077 0 0 0 1 0 0 0 0 0 0
0.1760406494140625 -0.5117607116699219 -11.694940567016602 -0.26988849609418747 0.9628915825138454 0 0 0 1 0 0 0 0 0 0
0.48404693603515625 -0.3070640563964844 -11.305177688598633 -0.7832329531968246 0.6217283498655828 0 0 0 1 0 0 0 0 0 0
0.6135177612304688 0.039356231689453125 -10.915414810180664 -0.9990154038835986 0.04436465714158275 0 0 0 1 0 0 0 0 0 0
0.5152626037597656 0.3958892822265625 -10.525651931762695 -0.8352567565687874 -0.5498601191268462 0 0 0 1 0 0 0 0 0 0
0.2266082763671875 0.6270828247070312 -10.135889053344727 -0.35416918615533927 -0.9351813661413837 0 0 0 1 0 0 0 0 0 0
-0.1427764892578125 0.6450996398925781 -9.746126174926758 0.26147970676023924 -0.9652089737215352 0 0 0 1 0 0 0 0 0 0
-0.4525604248046875 0.4430999755859375 -9.356363296508789 0.7777787136554151 -0.6285382029634539 0 0 0 1 0 0 0 0 0 0
-0.5850486755371094 0.09782028198242188 -8.96660041809082 0.9985901889074248 -0.05308139615565587 0 0 0 1 0 0 0 0 0 0
-0.48990631103515625 -0.2595558166503906 -8.576837539672852 0.8400217205425876 0.5425527707206652 0 0 0 1 0 0 0 0 0 0
-0.21895599365234375 -0.4869117736816406 -8.187074661254883 0.3884555949398711 0.9214674442213956 0 0 0 1 0 0 0 0 0 0
0.13299560546875 -0.5221290588378906 -7.797307968139648 -0.198144099138616 0.9801729010621271 0 0 0 1 0 0 0 0 0 0
0.44362640380859375 -0.3529701232910156 -7.40754508972168 -0.7158591451052393 0.6982447166783262 0 0 0 1 0 0 0 0 0 0
0.6049919128417969 -0.03821563720703125 -7.017782211303711 -0.9848081270312563 0.17364605648614342 0 0 0 1 0 0 0 0 0 0
0.5610122680664062 0.312744140625 -6.628019332885742 -0.9115109860879367 -0.41127572532426154 0 0 0 1 0 0 0 0 0 0
0.3269691467285156 0.5779457092285156 -6.238252639770508 -0.5214365077886722 -0.8532900845229328 0 0 0 1 0 0 0 0 0 0
-0.01580047607421875 0.6652259826660156 -5.848493576049805 0.0498486703596027 -0.998756782236486 0 0 0 1 0 0 0 0 0 0
-0.348175048828125 0.54425048828125 -5.458730697631836 0.603809396689276 -0.7971287301745764 0 0 0 1 0 0 0 0 0 0
-0.5546493530273438 0.2570648193359375 -5.068967819213867 0.9479300868124939 -0.31847849301900677 0 0 0 1 0 0 0 0 0 0
-0.5634689331054688 -0.09653091430664062 -4.679204940795898 0.962626313328267 0.27083312369063944 0 0 0 1 0 0 0 0 0 0
-0.3715667724609375 -0.39365386962890625 -4.28944206237793 0.6427903128629352 0.7660421748765338 0 0 0 1 0 0 0 0 0 0
-0.04563140869140625 -0.5310440063476562 -3.8996829986572266 0.09957264738018445 0.9950302949627723 0 0 0 1 0 0 0 0 0 0
0.3010597229003906 -0.46096038818359375 -3.509920120239258 -0.47824664870949 0.8782255649878007 0 0 0 1 0 0 0 0 0 0
0.5480308532714844 -0.20775222778320312 -3.1201534271240234 -0.8898707755333761 0.456212672831025 0 0 0 1 0 0 0 0 0 0
0.6094512939453125 0.1405792236328125 -2.7303943634033203 -0.992239535415737 -0.12434108073345039 0 0 0 1 0 0 0 0 0 0
0.4639778137207031 0.462982177734375 -2.3406314849853516 -0.7497927671951677 -0.6616727335033633 0 0 0 1 0 0 0 0 0 0
0.16216278076171875 0.6474189758300781 -1.9508684873580933 -0.2467452322153831 -0.9690803838583139 0 0 0 1 0 0 0 0 0 0
0.3934326171875 0.6297874450683594 -1.3893870115280151 0.3420079909902031 -0.9396970437853068 0 0 0 1 0 0 0 0 0 0
-0.1882781982421875 1.1401176452636719 -0.6144922971725464 -0.17365456030815699 0 0.9848066275590251 0 1 0 0 0 0 0 0 0
-0.4092063903808594 1.5298805236816406 -0.5245760679244995 0.41130031999047956 0 0.9114998885220607 0 1 0 0 0 0 0 0 0
-0.6744041442871094 1.9196434020996094 -0.2905367910861969 0.8532950881325513 0 0.5214283196843664 0 1 0 0 0 0 0 0 0
-0.7616844177246094 2.309406280517578 0.052236657589673996 0.9987563306301259 0 -0.04985771782027994 0 1 0 0 0 0 0 0 0
-0.6407127380371094 2.699169158935547 0.38461121916770935 0.7971287301745764 0 -0.603809396689276 0 1 0 0 0 0 0 0 0
-0.3535270690917969 3.0889320373535156 0.5910855531692505 0.31848897434262685 0 -0.9479265653109324 0 1 0 0 0 0 0 0 0
0.000072479248046875 3.4786949157714844 0.5998975038528442 -0.27083461937963277 0 -0.9626258925176954 0 1 0 0 0 0 0 0 0
0.2971954345703125 3.868457794189453 0.4079953134059906 -0.7660519886035406 0 -0.6427786172210155 0 1 0 0 0 0 0 0 0
0.4345855712890625 4.258220672607422 0.0820675864815712 -0.9950311461793351 0 -0.09956414079897787 0 1 0 0 0 0 0 0 0
0.364501953125 4.647983551025391 -0.2646273672580719 -0.8782235558403461 0 0.47825033817775675 0 1 0 0 0 0 0 0 0
0.11129379272460938 5.037746429443359 -0.5115984678268433 -0.45620150635481055 0 0.8898765001951687 0 1 0 0 0 0 0 0 0
-0.23704147338867188 5.427513122558594 -0.5730150938034058 0.12435912392960487 0 0.9922372741917435 0 1 0 0 0 0 0 0 0
-0.5594444274902344 5.8172760009765625 -0.4275454580783844 0.661668223932435 0 0.7497967467508093 0 1 0 0 0 0 0 0 0
-0.7438774108886719 6.207038879394531 -0.1257265955209732 0.9690786740661931 0 0.246751947246843 0 1 0 0 0 0 0 0 0
-0.7262458801269531 6.596805572509766 0.22753725945949554 0.9396908179558104 0 -0.3420250965200362 0 1 0 0 0 0 0 0 0
-0.5126762390136719 6.986564636230469 0.5094891786575317 0.5837436183969924 0 -0.8119380444225942 0 1 0 0 0 0 0 0 0
-0.17738723754882812 7.3763275146484375 0.622137188911438 0.02491950861324392 0 -0.9996894608279486 0 1 0 0 0 0 0 0 0
0.16309356689453125 7.766090393066406 0.526342511177063 -0.5425456677014762 0 -0.8400263081941897 0 1 0 0 0 0 0 0 0
0.3904533386230469 8.155853271484375 0.25538453459739685 -0.9214762659930666 0 -0.3884346678805523 0 1 0 0 0 0 0 0 0
0.4256706237792969 8.545612335205078 -0.09655942767858505 -0.9801743788056486 0 0.1981367889438027 0 1 0 0 0 0 0 0 0
0.25650787353515625 8.935375213623047 -0.4071902334690094 -0.6982356304765115 0 0.7158680076194693 0 1 0 0 0 0 0 0 0
-0.19348526000976562 -11.694599151611328 0.5305157899856567 0.34598424528038985 0 -0.9382403221018372 0 1 0 0 0 0 0 0 0
0.1760406494140625 -11.30483627319336 0.5453053712844849 -0.26988983207705153 0 -0.962891208050744 0 1 0 0 0 0 0 0 0
0.4840507507324219 -10.91507339477539 0.340608686208725 -0.7832333250789165 0 -0.6217278813804512 0 1 0 0 0 0 0 0 0
0.6135177612304688 -10.525310516357422 -0.005811591632664204 -0.9990153858353691 0 -0.04436506355465617 0 1 0 0 0 0 0 0 0
0.5152626037597656 -10.135547637939453 -0.3623446524143219 -0.8352562603988218 0 0.549860872825641 0 1 0 0 0 0 0 0 0
0.2266082763671875 -9.745784759521484 -0.5935381650924683 -0.35416607681966117 0 0.9351825436941015 0 1 0 0 0 0 0 0 0
-0.1427764892578125 -9.356021881103516 -0.6115549802780151 0.2614781836400681 0 0.9652093863407518 0 1 0 0 0 0 0 0 0
-0.4525604248046875 -8.966259002685547 -0.4095515310764313 0.7777786954438234 0 0.6285382254992165 0 1 0 0 0 0 0 0 0
-0.5850486755371094 -8.576496124267578 -0.06427564471960068 0.9985901884137639 0 0.05308140544262001 0 1 0 0 0 0 0 0 0
-0.48990631103515625 -8.18673324584961 0.2931004464626312 0.8400282034918987 0 -0.5425427331908272 0 1 0 0 0 0 0 0 0
-0.21895599365234375 -7.796970367431641 0.5204602479934692 0.38844965748916266 0 -0.9214699472020518 0 1 0 0 0 0 0 0 0
0.13299560546875 -7.4072113037109375 0.5556775331497192 -0.19814498905498448 0 -0.9801727211631631 0 1 0 0 0 0 0 0 0
0.44362640380859375 -7.017448425292969 0.3865147531032562 -0.7158691294950474 0 -0.6982344802686293 0 1 0 0 0 0 0 0 0
0.6049919128417969 -6.627681732177734 0.07176027446985245 -0.9848081328045978 0 -0.17364602374348134 0 1 0 0 0 0 0 0 0
0.5610122680664062 -6.237918853759766 -0.2791956961154938 -0.9115075016562453 0 0.4112834477880064 0 1 0 0 0 0 0 0 0
0.3269691467285156 -5.848155975341797 -0.5444010496139526 -0.5214226520968925 0 0.8532985514345158 0 1 0 0 0 0 0 0 0
-0.01580047607421875 -5.458396911621094 -0.6316813230514526 0.04984855722296082 0 0.9987567878832109 0 1 0 0 0 0 0 0 0
-0.348175048828125 -5.068634033203125 -0.510705828666687 0.6038094146196145 0 0.7971287165926959 0 1 0 0 0 0 0 0 0
-0.5546493530273438 -4.678871154785156 -0.22351635992527008 0.947930030580277 0 0.31847866039041794 0 1 0 0 0 0 0 0 0
-0.5634689331054688 -4.2891082763671875 0.13007937371730804 0.9626262756934272 0 -0.27083325745669 0 1 0 0 0 0 0 0 0
-0.3715667724609375 -3.8993453979492188 0.42719849944114685 0.6428038885149467 0 -0.7660307832653098 0 1 0 0 0 0 0 0 0
-0.04563140869140625 -3.5095787048339844 0.5645924806594849 0.0995730496918211 0 -0.9950302547033784 0 1 0 0 0 0 0 0 0
0.3010597229003906 -3.1198158264160156 0.49450501799583435 -0.47825808791369645 0 -0.878219335556406 0 1 0 0 0 0 0 0 0
0.5480308532714844 -2.7300567626953125 0.24130068719387054 -0.8898708095616747 0 -0.456212606456737 0 1 0 0 0 0 0 0 0
0.6094512939453125 -2.3402938842773438 -0.10703077167272568 -0.9922383587565002 0 0.12435047009242339 0 1 0 0 0 0 0 0 0
0.4639778137207031 -1.950531005859375 -0.4294375479221344 -0.7497838789147843 0 0.6616828053678745 0 1 0 0 0 0 0 0 0
0.16216278076171875 -1.5607681274414062 -0.6138743162155151 -0.2467446710250493 0 0.9690805267472566 0 1 0 0 0 0 0 0 0
-0.030544281005859375 -1.1516532897949219 -0.6061533689498901 0.3420154065087369 0 0.9396943448327565 0 1 0 0 0 0 0 0 0
0.16706904768943787 -0.6223700046539307 -1.5553256273269653 0.15578650193267296 0.9658210660982822 0.2071719915827407 -8.650050695805582e-7 0.20973280357043858 -0.9777587387007777 0 0 0 0 0 0
-0.232666015625 -0.4809303283691406 -1.9508684873580933 0.41130741936080495 0.9114966850070026 0 0 0 -1 0 0 0 0 0 0
-0.49786376953125 -0.24688720703125 -2.3406314849853516 0.8532910272706671 0.5214349650525651 0 0 0 -1 0 0 0 0 0 0
-0.58514404296875 0.09587860107421875 -2.7303943634033203 0.9987572806838786 -0.04983868257633058 0 0 0 -1 0 0 0 0 0 0
-0.46417236328125 0.4282569885253906 -3.1201534271240234 0.797136797216371 -0.6037987467059088 0 0 0 -1 0 0 0 0 0 0
-0.1769866943359375 0.6347274780273438 -3.509920120239258 0.31848994157044114 -0.9479262403364815 0 0 0 -1 0 0 0 0 0 0
0.17661285400390625 0.6435470581054688 -3.8996829986572266 -0.2708356100395188 -0.962625613795167 0 0 0 -1 0 0 0 0 0 0
0.4737358093261719 0.4516448974609375 -4.28944206237793 -0.7660476263957285 -0.6427838159859584 0 0 0 -1 0 0 0 0 0 0
0.6111259460449219 0.12571334838867188 -4.679204940795898 -0.9950311452566741 -0.0995641500199325 0 0 0 -1 0 0 0 0 0 0
0.5410423278808594 -0.22098159790039062 -5.068967819213867 -0.8782193781608227 0.4782580096797313 0 0 0 -1 0 0 0 0 0 0
0.28783416748046875 -0.46794891357421875 -5.458730697631836 -0.45621635303409436 0.889868888783213 0 0 0 -1 0 0 0 0 0 0
-0.0605010986328125 -0.5293693542480469 -5.848493576049805 0.12436807184682082 0.9922361526900257 0 0 0 -1 0 0 0 0 0 0
-0.382904052734375 -0.3838958740234375 -6.238252639770508 0.6616834562723837 0.7497833044923263 0 0 0 -1 0 0 0 0 0 0
-0.5673370361328125 -0.08208084106445312 -6.628019332885742 0.969076403622851 0.24676086387715782 0 0 0 -1 0 0 0 0 0 0
-0.5497055053710938 0.2711830139160156 -7.017782211303711 0.9396950943384782 -0.3420133472193722 0 0 0 -1 0 0 0 0 0 0
-0.3361358642578125 0.5531349182128906 -7.40754508972168 0.5837478559819443 -0.8119349977901453 0 0 0 -1 0 0 0 0 0 0
-0.00084686279296875 0.6657867431640625 -7.797307968139648 0.02491951882164089 -0.9996894605734812 0 0 0 -1 0 0 0 0 0 0
0.3396339416503906 0.5699882507324219 -8.187074661254883 -0.5425393116154975 -0.8400304133492918 0 0 0 -1 0 0 0 0 0 0
0.5669937133789062 0.29903411865234375 -8.576837539672852 -0.921476245991819 -0.3884347153291327 0 0 0 -1 0 0 0 0 0 0
0.6022109985351562 -0.052913665771484375 -8.966604232788086 -0.9801725266355397 0.19814595133108845 0 0 0 -1 0 0 0 0 0 0
0.4330482482910156 -0.36354827880859375 -9.356363296508789 -0.6982350625441842 0.7158685615627487 0 0 0 -1 0 0 0 0 0 0
-0.19348907470703125 0.5159797668457031 12.092693328857422 0.345993934373848 -0.9382367491078706 0 0 0 -1 0 0 0 0 0 0
0.1760406494140625 0.5307731628417969 11.702930450439453 -0.2698909744492886 -0.9628908878532464 0 0 0 -1 0 0 0 0 0 0
0.48404693603515625 0.3260765075683594 11.313167572021484 -0.7832329531968246 -0.6217283498655828 0 0 0 -1 0 0 0 0 0 0
0.6135177612304688 -0.020343780517578125 10.923404693603516 -0.9990154038835986 -0.04436465714158275 0 0 0 -1 0 0 0 0 0 0
0.5152626037597656 -0.3768768310546875 10.533641815185547 -0.835252376582512 0.5498667724215256 0 0 0 -1 0 0 0 0 0 0
0.2266082763671875 -0.6080703735351562 10.143878936767578 -0.3541660274655352 0.9351825623851643 0 0 0 -1 0 0 0 0 0 0
-0.1427764892578125 -0.6260871887207031 9.75411605834961 0.2614684151546675 0.9652120326003537 0 0 0 -1 0 0 0 0 0 0
-0.4525604248046875 -0.4240837097167969 9.36435317993164 0.7777740514945075 0.6285439720670459 0 0 0 -1 0 0 0 0 0 0
-0.5850486755371094 -0.07880783081054688 8.974590301513672 0.9985901889074248 0.05308139615565587 0 0 0 -1 0 0 0 0 0 0
-0.48990631103515625 0.2785682678222656 8.584827423095703 0.8400260669504066 -0.5425460412203107 0 0 0 -1 0 0 0 0 0 0
-0.21895599365234375 0.5059318542480469 8.195064544677734 0.3884509109307258 -0.9214694188073141 0 0 0 -1 0 0 0 0 0 0
0.13299560546875 0.5411491394042969 7.805305480957031 -0.19814595133108845 -0.9801725266355397 0 0 0 -1 0 0 0 0 0 0
0.44362640380859375 0.3719825744628906 7.4155426025390625 -0.7158779778868949 -0.6982254082863002 0 0 0 -1 0 0 0 0 0 0
0.6049919128417969 0.057231903076171875 7.025779724121094 -0.9848081270312563 -0.17364605648614342 0 0 0 -1 0 0 0 0 0 0
0.5610122680664062 -0.2937278747558594 6.636016845703125 -0.9115074108789496 0.41128364897325304 0 0 0 -1 0 0 0 0 0 0
0.3269691467285156 -0.5589332580566406 6.246253967285156 -0.5214210774811884 0.853299513628337 0 0 0 -1 0 0 0 0 0 0
-0.01580047607421875 -0.6462135314941406 5.8564910888671875 0.049848195560087113 0.9987568059339589 0 0 0 -1 0 0 0 0 0 0
-0.348175048828125 -0.5252342224121094 5.466728210449219 0.6038048065475952 0.797132207096176 0 0 0 -1 0 0 0 0 0 0
-0.5546493530273438 -0.23804855346679688 5.07696533203125 0.9479272076935781 0.31848706239697716 0 0 0 -1 0 0 0 0 0 0
-0.5634689331054688 0.11555099487304688 4.687200546264648 0.962626313328267 -0.27083312369063944 0 0 0 -1 0 0 0 0 0 0
-0.3715667724609375 0.4126701354980469 4.29743766784668 0.6427950087819575 -0.7660382344798483 0 0 0 -1 0 0 0 0 0 0
-0.04563140869140625 0.5500602722167969 3.907674789428711 0.09957359226401356 -0.9950302004078267 0 0 0 -1 0 0 0 0 0 0
0.3010597229003906 0.4799766540527344 3.517911911010742 -0.47825065423430746 -0.8782233837267469 0 0 0 -1 0 0 0 0 0 0
0.5480308532714844 0.22677230834960938 3.1281490325927734 -0.8898707755333761 -0.456212672831025 0 0 0 -1 0 0 0 0 0 0
0.6094512939453125 -0.12155914306640625 2.7383861541748047 -0.9922396828596242 0.12433990412828977 0 0 0 -1 0 0 0 0 0 0
0.4639778137207031 -0.4439659118652344 2.348623275756836 -0.7497838604327811 0.6616828263106999 0 0 0 -1 0 0 0 0 0 0
0.16216278076171875 -0.6283988952636719 1.9588605165481567 -0.2467429518382892 0.9690809644803307 0 0 0 -1 0 0 0 0 0 0
-0.19110107421875 -0.45409393310546875 1.5459767580032349 0.3420133472193722 0.9396950943384782 0 0 0 -1 0 0 0 0 0 0
-0.4697553217411041 -0.8566634058952332 0.44599905610084534 0.5239721536856193 0 -0.851735394451853 0 -1 0 0 0 0 0 0 0
-0.23265989124774933 -1.5622146129608154 0.5144749879837036 0.41129456703758716 0.0034832880155261595 -0.9114958287507214 0.008468930976848848 -0.9999641379610096 6.824132021592873e-8 0 0 0 0 0 0
-0.49786376953125 -1.950531005859375 0.28043946623802185 0.853288094487798 0 -0.5214397643116438 0 -1 0 0 0 0 0 0 0
-0.58514404296875 -2.3402938842773438 -0.06233014538884163 0.9987572806838786 0 0.04983868257633058 0 -1 0 0 0 0 0 0 0
-0.46417236328125 -2.7300567626953125 -0.3947085440158844 0.7971361696604745 0 0.6037995752060671 0 -1 0 0 0 0 0 0 0
-0.1769866943359375 -3.1198158264160156 -0.6011828184127808 0.31848898558943006 0 0.9479265615321768 0 -1 0 0 0 0 0 0 0
0.17661285400390625 -3.5095787048339844 -0.6100023984909058 -0.2708344639826351 0 0.9626259362385986 0 -1 0 0 0 0 0 0 0
0.4737358093261719 -3.8993453979492188 -0.4181002676486969 -0.7660392800609312 0 0.6427937627293301 0 -1 0 0 0 0 0 0 0
0.6111259460449219 -4.2891082763671875 -0.09216489642858505 -0.9950302004078267 0 0.09957359226401356 0 -1 0 0 0 0 0 0 0
0.5410423278808594 -4.678871154785156 0.2545262277126312 -0.8782235871337226 0 -0.47825028071290926 0 -1 0 0 0 0 0 0 0
0.28783416748046875 -5.068634033203125 0.5014973878860474 -0.456209663234193 0 -0.8898723184658259 0 -1 0 0 0 0 0 0 0
-0.0605010986328125 -5.458396911621094 0.5629178285598755 0.12436853615354306 0 -0.9922360944931528 0 -1 0 0 0 0 0 0 0
-0.382904052734375 -5.848155975341797 0.4174405038356781 0.6616867829990342 0 -0.7497803686443044 0 -1 0 0 0 0 0 0 0
-0.5673370361328125 -6.237918853759766 0.11562929302453995 0.9690758240328106 0 -0.24676314002526614 0 -1 0 0 0 0 0 0 0
-0.5497055053710938 -6.627681732177734 -0.2376345545053482 0.9396950883522053 0 0.34201336366689106 0 -1 0 0 0 0 0 0 0
-0.3361358642578125 -7.017448425292969 -0.5195902585983276 0.5837422588481538 0 0.8119390218697801 0 -1 0 0 0 0 0 0 0
-0.00084686279296875 -7.4072113037109375 -0.6322420835494995 0.02491951046931547 0 0.9996894607816816 0 -1 0 0 0 0 0 0 0
0.3396339416503906 -7.796970367431641 -0.5364435911178589 -0.5425367818874569 0 0.8400320471858215 0 -1 0 0 0 0 0 0 0
0.5669937133789062 -8.18673324584961 -0.2654856741428375 -0.9214729190957284 0 0.38844260756667437 0 -1 0 0 0 0 0 0 0
0.6022109985351562 -8.576496124267578 0.08646593242883682 -0.9801688360787578 0 -0.19816420660657444 0 -1 0 0 0 0 0 0 0
0.4330482482910156 -8.966259002685547 0.39709290862083435 -0.6982356490972517 0 -0.7158679894573716 0 -1 0 0 0 0 0 0 0
-0.3700370788574219 11.663719177246094 -0.540613055229187 0.34601115978786695 0 0.9382303967055508 0 -1 0 0 0 0 0 0 0
-0.000507354736328125 11.273956298828125 -0.5554102659225464 -0.26987995411780474 0 0.9628939767001201 0 -1 0 0 0 0 0 0 0
0.30750274658203125 10.884193420410156 -0.3507174551486969 -0.7832247950720569 0 0.6217386270647296 0 -1 0 0 0 0 0 0 0
0.4369773864746094 10.494430541992188 -0.004297156818211079 -0.9990149813696942 0 0.04437417040249061 0 -1 0 0 0 0 0 0 0
0.3387260437011719 10.104667663574219 0.35223588347435 -0.8352637803301552 0 -0.5498494496392425 0 -1 0 0 0 0 0 0 0
0.050075531005859375 9.71490478515625 0.5834332704544067 -0.3541757622209622 0 -0.9351788756463657 0 -1 0 0 0 0 0 0 0
-0.3193092346191406 9.325141906738281 0.6014539003372192 0.26145957738733916 0 -0.9652144266391971 0 -1 0 0 0 0 0 0 0
-0.6290969848632812 8.935379028320312 0.3994542062282562 0.7777738693791127 0 -0.6285441974205495 0 -1 0 0 0 0 0 0 0
-0.7615890502929688 8.545616149902344 0.054174523800611496 0.9985901889074248 0 -0.05308139615565587 0 -1 0 0 0 0 0 0 0
-0.6664466857910156 8.155853271484375 -0.3032015860080719 0.8400287552744928 0 0.5425418788554355 0 -1 0 0 0 0 0 0 0
-0.3954963684082031 7.766090393066406 -0.5305575132369995 0.38844106638292336 0 0.9214735687730266 0 -1 0 0 0 0 0 0 0
-0.043544769287109375 7.3763275146484375 -0.5657747983932495 -0.1981356964819355 0 0.9801745996400938 0 -1 0 0 0 0 0 0 0
0.2670860290527344 6.986564636230469 -0.3966158926486969 -0.7158596757965088 0 0.6982441725990397 0 -1 0 0 0 0 0 0 0
0.4284515380859375 6.596805572509766 -0.08186521381139755 -0.9848081278275792 0 0.1736460519699142 0 -1 0 0 0 0 0 0 0
0.3844718933105469 6.207038879394531 0.26910218596458435 -0.9114987238316631 0 -0.41130290109996726 0 -1 0 0 0 0 0 0 0
0.15042877197265625 5.8172760009765625 0.5342999696731567 -0.5214315683706022 0 -0.8532931029292184 0 -1 0 0 0 0 0 0 0
-0.19234085083007812 5.427513122558594 0.6215802431106567 0.04985806840677872 0 -0.9987563131288557 0 -1 0 0 0 0 0 0 0
-0.5247154235839844 5.037746429443359 0.5006085634231567 0.6037991591000262 0 -0.7971364848444094 0 -1 0 0 0 0 0 0 0
-0.7311897277832031 4.647983551025391 0.2134152501821518 0.9479329546252229 0 -0.318469957037544 0 -1 0 0 0 0 0 0 0
-0.7400093078613281 4.258220672607422 -0.1401766687631607 0.9626262793355093 0 0.2708332445115891 0 -1 0 0 0 0 0 0 0
-0.5481071472167969 3.868457794189453 -0.43730345368385315 0.6427851383983634 0 0.7660465167691823 0 -1 0 0 0 0 0 0 0
-0.22217178344726562 3.4786949157714844 -0.5746935606002808 0.09956359273574511 0 0.9950312010191192 0 -1 0 0 0 0 0 0 0
0.12451934814453125 3.0889320373535156 -0.5046099424362183 -0.47824046666882564 0 0.8782289314526047 0 -1 0 0 0 0 0 0 0
0.371490478515625 2.699169158935547 -0.2513979971408844 -0.8898768059161992 0 0.4562009100082806 0 -1 0 0 0 0 0 0 0
0.4329109191894531 2.309406280517578 0.0969296470284462 -0.9922395365647763 0 -0.1243410715641382 0 -1 0 0 0 0 0 0 0
0.28743743896484375 1.9196434020996094 0.41934022307395935 -0.7497790736049765 0 -0.6616882504503638 0 -1 0 0 0 0 0 0 0
-0.014377593994140625 1.5298805236816406 0.6037732362747192 -0.2467537429350425 0 -0.9690782168367768 0 -1 0 0 0 0 0 0 0
-0.198822021484375 1.1977424621582031 0.6604481935501099 0.34201535861802357 0 -0.9396943622632759 0 -1 0 0 0 0 0 0 0
-0.2693519592285156 0.5439262390136719 1.4541188478469849 -0.1736553057005972 -0.9848064961209549 0 0 0 1 0 0 0 0 0 0
-0.232666015625 0.4999504089355469 1.9588605165481567 0.41129949599152504 -0.9115002603384804 0 0 0 1 0 0 0 0 0 0
-0.49786376953125 0.2659034729003906 2.348623275756836 0.853299513628337 -0.5214210774811884 0 0 0 1 0 0 0 0 0 0
-0.58514404296875 -0.0768585205078125 2.7383861541748047 0.9987572806838786 0.04983868257633058 0 0 0 1 0 0 0 0 0 0
-0.46417236328125 -0.4092369079589844 3.1281490325927734 0.797136797216371 0.6037987467059088 0 0 0 1 0 0 0 0 0 0
-0.1769866943359375 -0.6157112121582031 3.517911911010742 0.31848706239697716 0.9479272076935781 0 0 0 1 0 0 0 0 0 0
0.17661285400390625 -0.6245307922363281 3.907674789428711 -0.27083312369063944 0.962626313328267 0 0 0 1 0 0 0 0 0 0
0.4737358093261719 -0.4326286315917969 4.29743766784668 -0.7660382344798483 0.6427950087819575 0 0 0 1 0 0 0 0 0 0
0.6111259460449219 -0.106689453125 4.687200546264648 -0.9950311452566741 0.0995641500199325 0 0 0 1 0 0 0 0 0 0
0.5410423278808594 0.23999404907226562 5.07696533203125 -0.8782273892676041 -0.4782432986882389 0 0 0 1 0 0 0 0 0 0
0.28783416748046875 0.4869651794433594 5.466728210449219 -0.45620512086318404 -0.8898746471825161 0 0 0 1 0 0 0 0 0 0
-0.0605010986328125 0.5483894348144531 5.8564910888671875 0.12436924871015306 -0.9922360051798523 0 0 0 1 0 0 0 0 0 0
-0.382904052734375 0.4029121398925781 6.246253967285156 0.6616881876230859 -0.7497791290507331 0 0 0 1 0 0 0 0 0 0
-0.5673370361328125 0.10110092163085938 6.636016845703125 0.9690735423416852 -0.24677210039495592 0 0 0 1 0 0 0 0 0 0
-0.5497055053710938 -0.2521705627441406 7.025779724121094 0.9396878486334433 0.3420332544222141 0 0 0 1 0 0 0 0 0 0
-0.3361358642578125 -0.5341224670410156 7.4155426025390625 0.583743335892951 0.811938247529065 0 0 0 1 0 0 0 0 0 0
-0.00084686279296875 -0.6467704772949219 7.805305480957031 0.02491928124656925 0.9996894664955485 0 0 0 1 0 0 0 0 0 0
0.3396339416503906 -0.5509681701660156 8.195064544677734 -0.5425460412203107 0.8400260669504066 0 0 0 1 0 0 0 0 0 0
0.5669937133789062 -0.2800178527832031 8.584827423095703 -0.921476245991819 0.3884347153291327 0 0 0 1 0 0 0 0 0 0
0.6022109985351562 0.07193374633789062 8.974590301513672 -0.9801725266355397 -0.19814595133108845 0 0 0 1 0 0 0 0 0 0
0.4330482482910156 0.3825645446777344 9.36435317993164 -0.6982398294666167 -0.7158639120296749 0 0 0 1 0 0 0 0 0 0
